MEMORY_INITIALIZATION_RADIX=2;
MEMORY_INITIALIZATION_VECTOR=
01000000101100010111001000011000,
01000000100110110100001111010101,
01000000100001010001010110010010,
01000000010111011100111010011110,
01000000001100010111001000011000,
01000000000001010001010110010010,
00111111101100010111001000011000,
00111111001100010111001000011000,
00111110110011111001100100011111,
00111110011001000111111110111110,
00111101111100010011100000111011,
00111101011110000101000110000110,
00111100111111000001010011011000,
00111100011111100000010101000101,
00111011111111110000000101010011,
00111011011111111000000001010101;












