00000000000000000000000000000000
01000001111110111100100010001100
01000001011010100010010100101101
01000000111001100110001101011010
01000000011001010111101101110100
00111111111001010100000111111101
00111111011001010011001110100111
00111110111001010011000000010010
00111110011001010010111100101101
00111101111001010010111011110100
00111101011001010010111011100110
00111100111001010010111011100010
00111100011001010010111011100001
00111011111001010010111011100001
00111011011001010010111011100001
00111010111001010010111011100001