00111010000000000000000000000000
00111010100000000000000000000000
00111011000000000000000000000000
00111011100000000000000000000000
00111100000000000000000000000000
00111100100000000000000000000000
00111101000000000000000000000000
00111101100000000000000000000000
00111110000000000000000000000000
00111110100000000000000000000000
00111111000000000000000000000000
00111111100000000000000000000000
01000000000000000000000000000000
01000000100000000000000000000000
01000001000000000000000000000000
01000001100000000000000000000000
01000010000000000000000000000000
